ID,Customer,Origin Pincode,Destination Pincode,Part Number,Qty
1,VoltasBeko,635110,673636,1200379,100
2,VoltasBeko,635110,625221,1200175,1
3,VoltasBeko,635110,625221,1200244,1
4,VoltasBeko,635110,625221,1200406,1
5,VoltasBeko,635110,625221,1200451,1
6,VoltasBeko,635110,625221,1200452,1
7,VoltasBeko,635110,600067,1100826,1
8,VoltasBeko,635110,600067,1100899,2
9,VoltasBeko,635110,600067,1200371,1
10,VoltasBeko,635110,600067,1200449,5
11,VoltasBeko,635110,600067,1200604,1
12,VoltasBeko,635110,563160,1200398,1
13,VoltasBeko,635110,563160,1200400,1
14,VoltasBeko,635110,563160,1200449,1
15,VoltasBeko,635110,563160,1200556,1
16,VoltasBeko,635110,563160,1200602,1
17,VoltasBeko,635110,495677,1200380,1
18,VoltasBeko,635110,495677,1200399,1
19,VoltasBeko,635110,495677,1200402,1
20,VoltasBeko,635110,495677,1200552,1
21,VoltasBeko,635110,625007,1100648,1
22,VoltasBeko,635110,625007,1100707,1
23,VoltasBeko,635110,625007,1100723,1
24,VoltasBeko,635110,625007,1100736,1
25,VoltasBeko,635110,625007,1100745,1
26,VoltasBeko,635110,625007,1100779,1
27,VoltasBeko,635110,625007,1100786,1
28,VoltasBeko,635110,625007,1100815,1
29,VoltasBeko,635110,625007,1100833,1
30,VoltasBeko,635110,625007,1100957,1
31,VoltasBeko,635110,625007,1200244,1
32,VoltasBeko,635110,625007,1200246,1
33,VoltasBeko,635110,625007,1200452,1
34,VoltasBeko,635110,625007,1200600,1
35,VoltasBeko,635110,625007,1200608,1
36,VoltasBeko,635110,625007,1300010,1
37,VoltasBeko,635110,600092,1200152,1
38,VoltasBeko,635110,600092,1200163,1
39,VoltasBeko,635110,600092,1200406,1
40,VoltasBeko,635110,627151,1200175,1
41,VoltasBeko,635110,678686,1300016,1
42,VoltasBeko,635110,606115,1100780,1
43,VoltasBeko,635110,606115,1100783,1
44,VoltasBeko,635110,606115,1100927,1
45,VoltasBeko,635110,606115,1200306,1
46,VoltasBeko,635110,628102,1100762,1
47,VoltasBeko,635110,628102,1100783,1
48,VoltasBeko,635110,628102,1100927,1
49,VoltasBeko,635110,530016,1200258,1
50,VoltasBeko,635110,632004,1100762,1
51,VoltasBeko,635110,632004,1100780,1
52,VoltasBeko,635110,632004,1100927,1
53,VoltasBeko,635110,533306,1200258,1
54,VoltasBeko,635110,641201,1200152,1
55,VoltasBeko,635110,641201,1200163,1
56,VoltasBeko,635110,641201,1200307,1
57,VoltasBeko,635110,522005,1100762,1
58,VoltasBeko,635110,627357,1200163,1
59,VoltasBeko,635110,583201,1200142,1
60,VoltasBeko,635110,583201,1200175,1
61,VoltasBeko,635110,518001,1100957,1
62,VoltasBeko,635110,562114,1200175,1
63,VoltasBeko,635110,670001,1200406,1
64,VoltasBeko,635110,600026,1300016,1
65,VoltasBeko,635110,530027,1200258,1
66,VoltasBeko,635110,533107,1200258,1
67,VoltasBeko,635110,530026,1200258,1
68,VoltasBeko,635110,517001,1200258,1
69,VoltasBeko,635110,606001,1200152,1
70,VoltasBeko,635110,606001,1200305,1
71,VoltasBeko,635110,500035,1100701,1
72,VoltasBeko,635110,517501,1200258,1
73,VoltasBeko,635110,638051,1100780,1
74,VoltasBeko,635110,638051,1100783,1
75,VoltasBeko,635110,533106,1200406,1
76,VoltasBeko,635110,641006,1200406,1
77,VoltasBeko,635110,522265,1200258,1
78,VoltasBeko,635110,533101,1200258,1
79,VoltasBeko,635110,695024,1100779,1
80,VoltasBeko,635110,695024,1400003,1
81,VoltasBeko,635110,571111,1100814,1
82,VoltasBeko,635110,641601,1200155,1
83,VoltasBeko,635110,641046,1300016,1
84,VoltasBeko,635110,636102,1200155,1
85,VoltasBeko,635110,600007,1100736,1
86,VoltasBeko,635110,637001,1200307,1
87,VoltasBeko,635110,641041,1100762,1
88,VoltasBeko,635110,570001,1100778,1
89,VoltasBeko,635110,600014,1200244,1
90,VoltasBeko,635110,576213,1100815,1
91,VoltasBeko,635110,583218,1100708,1
92,VoltasBeko,635110,581301,1100204,1
93,VoltasBeko,635110,638402,1100927,1
94,VoltasBeko,635110,682025,1200395,1
95,VoltasBeko,635110,637502,1100783,1
96,VoltasBeko,635110,637211,1100762,1
97,VoltasBeko,635110,600099,1200406,1
98,VoltasBeko,635110,673636,1200379,1
