ID,Customer,Origin Pincode,Destination Pincode,Part Number,Qty
1,VoltasBeko,635110,673636,1200379,500
2,VoltasBeko,635110,625221,1200175,1
3,VoltasBeko,635110,625221,1200244,1
4,VoltasBeko,635110,625221,1200406,1
5,VoltasBeko,635110,625221,1200451,1
6,VoltasBeko,635110,625221,1200452,1
7,VoltasBeko,635110,600067,1100826,1
8,VoltasBeko,635110,600067,1100899,2
9,VoltasBeko,635110,600067,1200371,1
10,VoltasBeko,635110,600067,1200449,5
11,VoltasBeko,635110,600067,1200604,1
12,VoltasBeko,635110,563160,1200398,1
