ID,Customer,Origin Pincode,Destination Pincode,Material No,Qty
1,VoltasBeko,636001,625001,1100700,1
2,VoltasBeko,636001,639001,1100701,1
3,VoltasBeko,636001,637001,1100702,1
4,VoltasBeko,636001,570001,1100702,1
5,VoltasBeko,636001,574142,1100701,2
6,VoltasBeko,636001,629001,1100701,2
7,VoltasBeko,636001,577201,1100702,1
8,VoltasBeko,636001,580009,1100702,1
10,VoltasBeko,636001,590001,1100702,1
11,VoltasBeko,636001,577201,1100702,1
12,VoltasBeko,636001,613001,1100702,1
13,VoltasBeko,636001,612001,1100702,1
13,VoltasBeko,636001,628001,1100702,1
